image_width: 1280
image_height: 720
camera_name: imx219_camera
camera_matrix:
  rows: 3
  cols: 3
  data: [1.0085e+03, 0.0000e+00, 6.6663e+02, 0.0000e+00, 1.0085e+03, 3.6662e+02, 0.0000e+00, 0.0000e+00, 1.0000e+00]
distortion_model: plumb_bob
distortion_coefficients:
  rows: 1
  cols: 5
  data: [-0.1797, 0.0475, -0.0007, -0.0007, 0.0000]
rectification_matrix:
  rows: 3
  cols: 3
  data: [1.0000e+00, 0.0000e+00, 0.0000e+00, 0.0000e+00, 1.0000e+00, 0.0000e+00, 0.0000e+00, 0.0000e+00, 1.0000e+00]
projection_matrix:
  rows: 3
  cols: 4
  data: [1.0085e+03, 0.0000e+00, 6.6663e+02, 0.0000e+00, 0.0000e+00, 1.0085e+03, 3.6662e+02, 0.0000e+00, 0.0000e+00, 0.0000e+00, 1.0000e+00, 0.0000e+00]


image_width: 320
image_height: 240

[image]

width
320

height
240

[csi_camera]

camera matrix
474.411278 0.000000 156.938287
0.000000 203.729960 137.080141
0.000000 0.000000 1.000000

distortion
-0.039591 -0.227575 0.032551 0.014561 0.000000

rectification
1.000000 0.000000 0.000000
0.000000 1.000000 0.000000
0.000000 0.000000 1.000000

projection
477.894501 0.000000 158.090561 0.000000
0.000000 205.236374 138.093737 0.000000
0.000000 0.000000 1.000000 0.000000
